55
69
0 1 1
0 10 3
1 2 2
1 11 1
2 3 5
2 12 4
3 4 8
3 12 8
3 13 1
4 5 2
5 6 1
5 8 6
5 12 2
6 7 2
7 8 1
8 9 5
8 13 3
9 10 2
9 11 3
9 12 7
9 13 1
10 11 10
11 12 5
12 13 1
12 14 4
13 14 3
13 15 3
13 18 1
14 15 3
15 18 3
15 19 8
16 19 9
17 18 10
18 19 9
19 20 6
20 21 3
21 22 1
22 23 5
23 24 1
24 25 7
25 26 10
26 27 2
27 28 9
28 29 9
29 30 10
30 31 31
31 32 54
32 33 39
33 34 2
34 35 39
35 36 99
36 37 92
37 38 3
38 39 9
39 40 11
40 41 5
41 42 22
42 43 54
43 44 100
44 45 87
45 46 1
46 47 2
47 48 9
48 49 50
49 50 4
50 51 1
51 52 76
52 53 93
53 54 29